Please enter the service rate: 10 nodes
Throughputs
[8, 38, 58, 176, 226, 375, 497, 576, 611, 777]
Avg delays
[1.0108820601010102, 1.0534505389473685, 1.111876601111111, 1.25080674, 1.4293155985714285, 2.00085469, 2.5008979200000003, 3.334104473333333, 5.000749900000001, 10.000841020000003]
------
25 nodes
Throughputs
[7, 38, 71, 143, 228, 367, 438, 464, 697, 869]
Avg delays
[1.01092728010101, 1.0534198389473683, 1.1118531511111112, 1.2508073899999999, 1.4293467885714286, 2.00073282, 2.5007305, 3.334128163333333, 5.000849370000001, 10.000909560000002]
